0.000000 1.200000 0.900000 1.450000 -0.72434887 0.10778627 -0.10022564 0.67353965
0.033333 1.206234 0.899988 1.453745 -0.72454417 0.10787239 -0.10024492 0.67331289
0.066667 1.212711 0.899952 1.457350 -0.72472561 0.10794975 -0.10026041 0.67310288
0.100000 1.219428 0.899893 1.460690 -0.72488441 0.10801732 -0.10027379 0.67291902
0.133333 1.226380 0.899811 1.463644 -0.72501249 0.10807417 -0.10028662 0.67276999
0.166667 1.233565 0.899709 1.466107 -0.72510272 0.10811951 -0.10030032 0.67266341
0.200000 1.240978 0.899585 1.467993 -0.72514922 0.10815274 -0.10031609 0.67260558
0.233333 1.248615 0.899442 1.469232 -0.72514753 0.10817348 -0.10033492 0.67260127
0.266667 1.256474 0.899280 1.469781 -0.72509476 0.10818159 -0.10035753 0.67265347
0.300000 1.264550 0.899100 1.469617 -0.72498975 0.10817716 -0.10038436 0.67276337
0.333333 1.272840 0.898903 1.468747 -0.72483302 0.10816058 -0.10041557 0.67293023
0.366667 1.281339 0.898689 1.467198 -0.72462684 0.10813245 -0.10045104 0.67315148
0.400000 1.290044 0.898459 1.465025 -0.72437508 0.10809367 -0.10049039 0.67342274
0.433333 1.298952 0.898215 1.462302 -0.72408313 0.10804531 -0.10053298 0.67373804
0.466667 1.308059 0.897957 1.459124 -0.72375769 0.10798866 -0.10057797 0.67409000
0.500000 1.317361 0.897685 1.455602 -0.72340654 0.10792519 -0.10062435 0.67447007
0.533333 1.326854 0.897401 1.451857 -0.72303826 0.10785646 -0.10067098 0.67486888
0.566667 1.336535 0.897106 1.448021 -0.72266196 0.10778412 -0.10071664 0.67527656
0.600000 1.346400 0.896800 1.444226 -0.72228691 0.10770983 -0.10076011 0.67568307
0.633333 1.356445 0.896484 1.440605 -0.72192227 0.10763524 -0.10080016 0.67607855
0.666667 1.366667 0.896159 1.437284 -0.72157674 0.10756194 -0.10083567 0.67645369
0.700000 1.377061 0.895826 1.434377 -0.72125824 0.10749138 -0.10086563 0.67680002
0.733333 1.387625 0.895485 1.431985 -0.72097365 0.10742486 -0.10088922 0.67711022
0.766667 1.398354 0.895138 1.430189 -0.72072856 0.10736348 -0.10090581 0.67737836
0.800000 1.409244 0.894785 1.429051 -0.72052708 0.10730813 -0.10091501 0.67760007
0.833333 1.420293 0.894427 1.428607 -0.72037168 0.10725944 -0.10091669 0.67777273
0.866667 1.431496 0.894065 1.428871 -0.72026314 0.10721778 -0.10091097 0.67789551
0.900000 1.442850 0.893700 1.429829 -0.72020050 0.10718329 -0.10089828 0.67796941
0.933333 1.454351 0.893332 1.431447 -0.72018112 0.10715581 -0.10087925 0.67799717
0.966667 1.465994 0.892963 1.433661 -0.72020079 0.10713498 -0.10085482 0.67798321
1.000000 1.477778 0.892593 1.436392 -0.72025386 0.10712023 -0.10082610 0.67793342
1.033333 1.489697 0.892222 1.439540 -0.72033351 0.10711079 -0.10079440 0.67785500
1.066667 1.501748 0.891853 1.442989 -0.72043196 0.10710575 -0.10076118 0.67775610
1.100000 1.513928 0.891485 1.446615 -0.72054075 0.10710412 -0.10072802 0.67764563
1.133333 1.526232 0.891120 1.450287 -0.72065109 0.10710484 -0.10069651 0.67753285
1.166667 1.538657 0.890758 1.453870 -0.72075414 0.10710685 -0.10066828 0.67742711
1.200000 1.551200 0.890400 1.457235 -0.72084135 0.10710912 -0.10064491 0.67733742
1.233333 1.563856 0.890047 1.460260 -0.72090473 0.10711072 -0.10062788 0.67727224
1.266667 1.576622 0.889700 1.462835 -0.72093718 0.10711084 -0.10061854 0.67723907
1.300000 1.589494 0.889359 1.464866 -0.72093270 0.10710883 -0.10061804 0.67724423
1.333333 1.602469 0.889026 1.466278 -0.72088660 0.10710423 -0.10062735 0.67729265
1.366667 1.615543 0.888701 1.467018 -0.72079567 0.10709682 -0.10064719 0.67738764
1.400000 1.628711 0.888385 1.467057 -0.72065829 0.10708657 -0.10067802 0.67753084
1.433333 1.641971 0.888079 1.466391 -0.72047448 0.10707373 -0.10072005 0.67772208
1.466667 1.655319 0.887784 1.465042 -0.72024589 0.10705877 -0.10077323 0.67795946
1.500000 1.668750 0.887500 1.463055 -0.71997576 0.10704239 -0.10083724 0.67823940
1.533333 1.682262 0.887229 1.460498 -0.71966878 0.10702552 -0.10091154 0.67855674
1.566667 1.695850 0.886970 1.457459 -0.71933095 0.10700927 -0.10099540 0.67890495
1.600000 1.709511 0.886726 1.454044 -0.71896935 0.10699490 -0.10108791 0.67927637
1.633333 1.723241 0.886496 1.450372 -0.71859193 0.10698383 -0.10118802 0.67966248
1.666667 1.737037 0.886283 1.446571 -0.71820717 0.10697753 -0.10129460 0.68005416
1.700000 1.750894 0.886085 1.442774 -0.71782387 0.10697751 -0.10140649 0.68044208
1.733333 1.764810 0.885905 1.439114 -0.71745075 0.10698531 -0.10152253 0.68081697
1.766667 1.778780 0.885743 1.435719 -0.71709621 0.10700240 -0.10164162 0.68116995
1.800000 1.792800 0.885600 1.432709 -0.71676801 0.10703014 -0.10176274 0.68149285
1.833333 1.806867 0.885477 1.430189 -0.71647300 0.10706980 -0.10188505 0.68177850
1.866667 1.820978 0.885374 1.428247 -0.71621688 0.10712245 -0.10200786 0.68202093
1.900000 1.835128 0.885293 1.426951 -0.71600400 0.10718897 -0.10213070 0.68221560
1.933333 1.849314 0.885233 1.426348 -0.71583720 0.10727003 -0.10225331 0.68235952
1.966667 1.863531 0.885197 1.426457 -0.71571772 0.10736605 -0.10237571 0.68245138
2.000000 1.877778 0.885185 1.427275 -0.71564520 0.10747722 -0.10249813 0.68249156
2.033333 1.892049 0.885198 1.428773 -0.71561762 0.10760349 -0.10262109 0.68248210
2.066667 1.906341 0.885236 1.430899 -0.71563145 0.10774459 -0.10274531 0.68242665
2.100000 1.920650 0.885300 1.433577 -0.71568176 0.10790001 -0.10287176 0.68233028
2.133333 1.934973 0.885391 1.436713 -0.71576239 0.10806909 -0.10300159 0.68219934
2.166667 1.949306 0.885511 1.440197 -0.71586619 0.10825100 -0.10313610 0.68204125
2.200000 1.963644 0.885659 1.443908 -0.71598529 0.10844480 -0.10327673 0.68186414
2.233333 1.977986 0.885837 1.447715 -0.71611135 0.10864948 -0.10342501 0.68167668
2.266667 1.992326 0.886046 1.451485 -0.71623589 0.10886401 -0.10358247 0.68148767
2.300000 2.006661 0.886285 1.455087 -0.71635060 0.10908736 -0.10375066 0.68130578
2.333333 2.020988 0.886557 1.458395 -0.71644757 0.10931856 -0.10393107 0.68113924
2.366667 2.035302 0.886862 1.461295 -0.71651965 0.10955676 -0.10412508 0.68099551
2.400000 2.049600 0.887200 1.463687 -0.71656062 0.10980124 -0.10433393 0.68088104
2.433333 2.063878 0.887573 1.465489 -0.71656548 0.11005145 -0.10455869 0.68080106
2.466667 2.078133 0.887981 1.466641 -0.71653054 0.11030705 -0.10480021 0.68075932
2.500000 2.092361 0.888426 1.467106 -0.71645362 0.11056791 -0.10505913 0.68075806
2.533333 2.106558 0.888908 1.466873 -0.71633406 0.11083414 -0.10533583 0.68079781
2.566667 2.120720 0.889427 1.465952 -0.71617281 0.11110612 -0.10563045 0.68087748
2.600000 2.134844 0.889985 1.464383 -0.71597233 0.11138443 -0.10594287 0.68099431
2.633333 2.148927 0.890583 1.462225 -0.71573653 0.11166991 -0.10627275 0.68114401
2.666667 2.162963 0.891221 1.459561 -0.71547065 0.11196360 -0.10661952 0.68132091
2.700000 2.176950 0.891900 1.456491 -0.71518106 0.11226673 -0.10698244 0.68151815
2.733333 2.190884 0.892621 1.453129 -0.71487507 0.11258071 -0.10736059 0.68172790
2.766667 2.204761 0.893385 1.449602 -0.71456061 0.11290704 -0.10775295 0.68194166
2.800000 2.218578 0.894193 1.446041 -0.71424605 0.11324733 -0.10815843 0.68215055
2.833333 2.232330 0.895045 1.442581 -0.71393981 0.11360323 -0.10857591 0.68234560
2.866667 2.246015 0.895942 1.439350 -0.71365016 0.11397637 -0.10900430 0.68251806
2.900000 2.259628 0.896885 1.436473 -0.71338483 0.11436834 -0.10944255 0.68265972
2.933333 2.273165 0.897875 1.434059 -0.71315084 0.11478063 -0.10988977 0.68276316
2.966667 2.286624 0.898913 1.432202 -0.71295416 0.11521460 -0.11034519 0.68282201
3.000000 2.300000 0.900000 1.430979 -0.71279958 0.11567145 -0.11080825 0.68283118
3.033333 2.313352 0.901142 1.430448 -0.71269005 0.11615739 -0.11128345 0.68278573
3.066667 2.326740 0.902344 1.430644 -0.71262696 0.11667779 -0.11177501 0.68268255
3.100000 2.340165 0.903606 1.431570 -0.71261045 0.11723221 -0.11228225 0.68252154
3.133333 2.353625 0.904925 1.433206 -0.71263908 0.11781998 -0.11280475 0.68230424
3.166667 2.367121 0.906301 1.435504 -0.71270986 0.11844018 -0.11334235 0.68203379
3.200000 2.380652 0.907733 1.438398 -0.71281833 0.11909165 -0.11389514 0.68171482
3.233333 2.394217 0.909220 1.441798 -0.71295878 0.11977300 -0.11446346 0.68135330
3.266667 2.407817 0.910759 1.445597 -0.71312438 0.12048266 -0.11504785 0.68095634
3.300000 2.421450 0.912350 1.449677 -0.71330749 0.12121888 -0.11564903 0.68053193
3.333333 2.435117 0.913992 1.453909 -0.71349986 0.12197980 -0.11626784 0.68008872
3.366667 2.448816 0.915683 1.458160 -0.71369298 0.12276349 -0.11690523 0.67963565
3.400000 2.462548 0.917422 1.462296 -0.71387835 0.12356796 -0.11756219 0.67918170
3.433333 2.476312 0.919208 1.466188 -0.71404778 0.12439127 -0.11823968 0.67873556
3.466667 2.490108 0.921040 1.469717 -0.71419365 0.12523153 -0.11893863 0.67830531
3.500000 2.503935 0.922917 1.472778 -0.71430924 0.12608696 -0.11965982 0.67789816
3.533333 2.517793 0.924836 1.475280 -0.71438887 0.12695594 -0.12040391 0.67752021
3.566667 2.531682 0.926798 1.477156 -0.71442817 0.12783706 -0.12117133 0.67717618
3.600000 2.545600 0.928800 1.478361 -0.71442419 0.12872912 -0.12196227 0.67686934
3.633333 2.559548 0.930842 1.478871 -0.71437549 0.12963120 -0.12277666 0.67660129
3.666667 2.573525 0.932922 1.478692 -0.71428222 0.13054262 -0.12361413 0.67637200
3.700000 2.587531 0.935039 1.477851 -0.71414607 0.13146302 -0.12447403 0.67617977
3.733333 2.601566 0.937192 1.476401 -0.71397026 0.13239230 -0.12535538 0.67602129
3.766667 2.615628 0.939379 1.474416 -0.71375936 0.13333062 -0.12625694 0.67589178
3.800000 2.629719 0.941600 1.471991 -0.71351920 0.13427842 -0.12717720 0.67578519
3.833333 2.643836 0.943853 1.469233 -0.71325659 0.13523635 -0.12811440 0.67569436
3.866667 2.657980 0.946137 1.466266 -0.71297916 0.13620523 -0.12906660 0.67561133
3.900000 2.672150 0.948450 1.463219 -0.71269503 0.13718603 -0.13003171 0.67552761
3.933333 2.686346 0.950792 1.460225 -0.71241253 0.13817982 -0.13100755 0.67543449
3.966667 2.700568 0.953161 1.457414 -0.71213993 0.13918770 -0.13199190 0.67532336
4.000000 2.714815 0.955556 1.454911 -0.71188512 0.14021072 -0.13298258 0.67518602
4.033333 2.729086 0.957975 1.452831 -0.71165533 0.14124989 -0.13397748 0.67501496
4.066667 2.743382 0.960418 1.451273 -0.71145688 0.14230606 -0.13497465 0.67480363
4.100000 2.757702 0.962883 1.450318 -0.71129491 0.14337987 -0.13597232 0.67454672
4.133333 2.772045 0.965370 1.450027 -0.71117326 0.14447176 -0.13696899 0.67424031
4.166667 2.786411 0.967876 1.450435 -0.71109426 0.14558187 -0.13796343 0.67388201
4.200000 2.800800 0.970400 1.451554 -0.71105866 0.14671004 -0.13895474 0.67347110
4.233333 2.815211 0.972942 1.453372 -0.71106564 0.14785578 -0.13994235 0.67300852
4.266667 2.829644 0.975500 1.455851 -0.71111277 0.14901826 -0.14092605 0.67249686
4.300000 2.844098 0.978072 1.458929 -0.71119618 0.15019634 -0.14190596 0.67194029
4.333333 2.858573 0.980658 1.462524 -0.71131059 0.15138855 -0.14288253 0.67134443
4.366667 2.873069 0.983257 1.466536 -0.71144959 0.15259314 -0.14385654 0.67071612
4.400000 2.887585 0.985867 1.470848 -0.71160584 0.15380812 -0.14482901 0.67006324
4.433333 2.902121 0.988486 1.475336 -0.71177131 0.15503130 -0.14580117 0.66939445
4.466667 2.916676 0.991114 1.479866 -0.71193758 0.15626034 -0.14677442 0.66871882
4.500000 2.931250 0.993750 1.484305 -0.71209616 0.15749283 -0.14775026 0.66804560
4.533333 2.945843 0.996392 1.488522 -0.71223875 0.15872635 -0.14873020 0.66738388
4.566667 2.960453 0.999038 1.492394 -0.71235755 0.15995853 -0.14971570 0.66674223
4.600000 2.975081 1.001689 1.495810 -0.71244553 0.16118711 -0.15070811 0.66612847
4.633333 2.989727 1.004342 1.498675 -0.71249670 0.16241001 -0.15170860 0.66554935
4.666667 3.004390 1.006996 1.500914 -0.71250625 0.16362540 -0.15271808 0.66501034
4.700000 3.019069 1.009650 1.502473 -0.71247080 0.16483172 -0.15373714 0.66451543
4.733333 3.033764 1.012303 1.503322 -0.71238843 0.16602775 -0.15476606 0.66406700
4.766667 3.048474 1.014953 1.503456 -0.71225883 0.16721260 -0.15580470 0.66366573
4.800000 3.063200 1.017600 1.502897 -0.71208326 0.16838577 -0.15685253 0.66331060
4.833333 3.077941 1.020242 1.501687 -0.71186451 0.16954711 -0.15790863 0.66299891
4.866667 3.092696 1.022877 1.499895 -0.71160683 0.17069687 -0.15897167 0.66272642
4.900000 3.107465 1.025506 1.497608 -0.71131575 0.17183561 -0.16003995 0.66248746
4.933333 3.122247 1.028125 1.494931 -0.71099795 0.17296420 -0.16111143 0.66227518
4.966667 3.137043 1.030735 1.491982 -0.71066096 0.17408377 -0.16218379 0.66208176
5.000000 3.151852 1.033333 1.488889 -0.71031294 0.17519568 -0.16325452 0.66189875
5.033333 3.166673 1.035920 1.485783 -0.70996241 0.17630138 -0.16432092 0.66171734
5.066667 3.181506 1.038492 1.482797 -0.70961790 0.17740242 -0.16538025 0.66152868
5.100000 3.196350 1.041050 1.480058 -0.70928770 0.17850032 -0.16642977 0.66132422
5.133333 3.211205 1.043592 1.477685 -0.70897955 0.17959653 -0.16746682 0.66109601
5.166667 3.226072 1.046116 1.475782 -0.70870036 0.18069233 -0.16848895 0.66083701
5.200000 3.240948 1.048622 1.474437 -0.70845596 0.18178874 -0.16949391 0.66054131
5.233333 3.255834 1.051108 1.473717 -0.70825089 0.18288650 -0.17047981 0.66020439
5.266667 3.270730 1.053574 1.473666 -0.70808826 0.18398602 -0.17144509 0.65982327
5.300000 3.285635 1.056017 1.474305 -0.70796961 0.18508727 -0.17238864 0.65939661
5.333333 3.300549 1.058436 1.475629 -0.70789486 0.18618982 -0.17330977 0.65892484
5.366667 3.315470 1.060831 1.477609 -0.70786232 0.18729281 -0.17420827 0.65841007
5.400000 3.330400 1.063200 1.480190 -0.70786875 0.18839492 -0.17508437 0.65785611
5.433333 3.345337 1.065542 1.483297 -0.70790946 0.18949445 -0.17593874 0.65726829
5.466667 3.360281 1.067855 1.486836 -0.70797852 0.19058930 -0.17677246 0.65665336
5.500000 3.375231 1.070139 1.490695 -0.70806893 0.19167703 -0.17758696 0.65601919
5.533333 3.390188 1.072392 1.494751 -0.70817289 0.19275496 -0.17838398 0.65537458
5.566667 3.405151 1.074613 1.498874 -0.70828209 0.19382018 -0.17916544 0.65472892
5.600000 3.420119 1.076800 1.502929 -0.70838799 0.19486968 -0.17993343 0.65409191
5.633333 3.435091 1.078953 1.506785 -0.70848212 0.19590041 -0.18069005 0.65347320
5.666667 3.450069 1.081070 1.510315 -0.70855640 0.19690938 -0.18143736 0.65288207
5.700000 3.465050 1.083150 1.513404 -0.70860343 0.19789372 -0.18217727 0.65232714
5.733333 3.480035 1.085192 1.515952 -0.70861671 0.19885077 -0.18291146 0.65181602
5.766667 3.495024 1.087194 1.517875 -0.70859090 0.19977817 -0.18364127 0.65135513
5.800000 3.510015 1.089156 1.519112 -0.70852202 0.20067391 -0.18436767 0.65094938
5.833333 3.525009 1.091075 1.519627 -0.70840755 0.20153636 -0.18509117 0.65060211
5.866667 3.540004 1.092951 1.519405 -0.70824657 0.20236435 -0.18581177 0.65031489
5.900000 3.555002 1.094783 1.518459 -0.70803978 0.20315715 -0.18652896 0.65008752
5.933333 3.570001 1.096570 1.516826 -0.70778948 0.20391450 -0.18724171 0.64991805
5.966667 3.585000 1.098309 1.514564 -0.70749949 0.20463659 -0.18794846 0.64980283
6.000000 3.600000 1.100000 1.511756 -0.70717507 0.20532405 -0.18864715 0.64973664
6.033333 3.615110 1.101636 1.508503 -0.70681648 0.20600376 -0.18935839 0.64970479
6.066667 3.630435 1.103212 1.504925 -0.70642499 0.20670300 -0.19010245 0.64969120
6.100000 3.645969 1.104730 1.501147 -0.70600889 0.20742347 -0.19087626 0.64968701
6.133333 3.661703 1.106190 1.497300 -0.70557696 0.20816704 -0.19167654 0.64968281
6.166667 3.677632 1.107596 1.493520 -0.70513820 0.20893569 -0.19249991 0.64966898
6.200000 3.693748 1.108948 1.489935 -0.70470150 0.20973142 -0.19334299 0.64963606
6.233333 3.710045 1.110248 1.486670 -0.70427537 0.21055614 -0.19420246 0.64957503
6.266667 3.726514 1.111498 1.483835 -0.70386759 0.21141162 -0.19507521 0.64947764
6.300000 3.743150 1.112700 1.481524 -0.70348497 0.21229934 -0.19595836 0.64933674
6.333333 3.759945 1.113855 1.479813 -0.70313311 0.21322049 -0.19684940 0.64914649
6.366667 3.776893 1.114964 1.478755 -0.70281618 0.21417582 -0.19774622 0.64890259
6.400000 3.793985 1.116030 1.478380 -0.70253675 0.21516566 -0.19864722 0.64860245
6.433333 3.811216 1.117053 1.478693 -0.70229575 0.21618979 -0.19955127 0.64824528
6.466667 3.828578 1.118037 1.479672 -0.70209237 0.21724751 -0.20045784 0.64783213
6.500000 3.846065 1.118981 1.481273 -0.70192412 0.21833754 -0.20136689 0.64736591
6.533333 3.863669 1.119889 1.483429 -0.70178688 0.21945809 -0.20227899 0.64685124
6.566667 3.881383 1.120761 1.486053 -0.70167508 0.22060687 -0.20319516 0.64629437
6.600000 3.899200 1.121600 1.489038 -0.70158188 0.22178114 -0.20411692 0.64570294
6.633333 3.917114 1.122406 1.492266 -0.70149939 0.22297774 -0.20504617 0.64508573
6.666667 3.935117 1.123182 1.495610 -0.70141899 0.22419324 -0.20598512 0.64445242
6.700000 3.953202 1.123930 1.498938 -0.70133161 0.22542395 -0.20693622 0.64381319
6.733333 3.971362 1.124650 1.502117 -0.70122805 0.22666606 -0.20790200 0.64317841
6.766667 3.989591 1.125344 1.505020 -0.70109935 0.22791573 -0.20888501 0.64255831
6.800000 4.007881 1.126015 1.507528 -0.70093705 0.22916919 -0.20988766 0.64196254
6.833333 4.026226 1.126663 1.509536 -0.70073355 0.23042287 -0.21091214 0.64139992
6.866667 4.044618 1.127291 1.510956 -0.70048236 0.23167346 -0.21196028 0.64087808
6.900000 4.063050 1.127900 1.511722 -0.70017835 0.23291800 -0.21303347 0.64040317
6.933333 4.081516 1.128492 1.511787 -0.69981795 0.23415399 -0.21413254 0.63997968
6.966667 4.100007 1.129068 1.511132 -0.69939930 0.23537944 -0.21525772 0.63961023
7.000000 4.118519 1.129630 1.509762 -0.69892233 0.23659289 -0.21640855 0.63929549
7.033333 4.137042 1.130179 1.507705 -0.69838879 0.23779347 -0.21758388 0.63903413
7.066667 4.155571 1.130718 1.505016 -0.69780224 0.23898089 -0.21878184 0.63882288
7.100000 4.174098 1.131248 1.501769 -0.69716796 0.24015544 -0.21999986 0.63865660
7.133333 4.192617 1.131771 1.498059 -0.69649278 0.24131794 -0.22123472 0.63852851
7.166667 4.211120 1.132287 1.493998 -0.69578490 0.24246970 -0.22248258 0.63843036
7.200000 4.229600 1.132800 1.489707 -0.69505361 0.24361243 -0.22373910 0.63835278
7.233333 4.248051 1.133310 1.485317 -0.69430905 0.24474817 -0.22499955 0.63828558
7.266667 4.266465 1.133819 1.480963 -0.69356182 0.24587914 -0.22625888 0.63821812
7.300000 4.284835 1.134330 1.476775 -0.69282267 0.24700766 -0.22751190 0.63813972
7.333333 4.303155 1.134842 1.472881 -0.69210213 0.24813602 -0.22875339 0.63804000
7.366667 4.321417 1.135359 1.469395 -0.69141015 0.24926632 -0.22997827 0.63790933
7.400000 4.339615 1.135881 1.466417 -0.69075576 0.25040033 -0.23118170 0.63773912
7.433333 4.357741 1.136411 1.464030 -0.69014675 0.25153942 -0.23235923 0.63752221
7.466667 4.375788 1.136950 1.462296 -0.68958943 0.25268440 -0.23350694 0.63725310
7.500000 4.393750 1.137500 1.461250 -0.68908836 0.25383540 -0.23462148 0.63692824
7.533333 4.411619 1.138062 1.460907 -0.68864621 0.25499185 -0.23570023 0.63654611
7.566667 4.429389 1.138638 1.461254 -0.68826369 0.25615240 -0.23674129 0.63610739
7.600000 4.447052 1.139230 1.462254 -0.68793950 0.25731485 -0.23774352 0.63561492
7.633333 4.464601 1.139839 1.463848 -0.68767041 0.25847623 -0.23870659 0.63507370
7.666667 4.482030 1.140466 1.465953 -0.68745139 0.25963276 -0.23963087 0.63449072
7.700000 4.499331 1.141115 1.468471 -0.68727576 0.26077993 -0.24051745 0.63387476
7.733333 4.516498 1.141785 1.471287 -0.68713553 0.26191259 -0.24136800 0.63323617
7.766667 4.533523 1.142480 1.474276 -0.68702164 0.26302508 -0.24218467 0.63258648
7.800000 4.550400 1.143200 1.477307 -0.68692435 0.26411129 -0.24296996 0.63193810
7.833333 4.567121 1.143947 1.480246 -0.68683360 0.26516487 -0.24372658 0.63130385
7.866667 4.583680 1.144723 1.482964 -0.68673938 0.26617937 -0.24445725 0.63069661
7.900000 4.600069 1.145530 1.485339 -0.68663220 0.26714836 -0.24516455 0.63012881
7.933333 4.616281 1.146368 1.487262 -0.68650336 0.26806563 -0.24585074 0.62961208
7.966667 4.632310 1.147240 1.488637 -0.68634538 0.26892533 -0.24651757 0.62915679
8.000000 4.648148 1.148148 1.489392 -0.68615229 0.26972209 -0.24716617 0.62877175
8.033333 4.663789 1.149093 1.489472 -0.68591987 0.27045117 -0.24779685 0.62846386
8.066667 4.679225 1.150076 1.488850 -0.68564589 0.27110850 -0.24840904 0.62823789
8.100000 4.694450 1.151100 1.487522 -0.68533022 0.27169085 -0.24900117 0.62809632
8.133333 4.709456 1.152166 1.485508 -0.68497493 0.27219578 -0.24957065 0.62803925
8.166667 4.724237 1.153275 1.482856 -0.68458427 0.27262171 -0.25011381 0.62806437
8.200000 4.738785 1.154430 1.479632 -0.68416462 0.27296787 -0.25062600 0.62816712
8.233333 4.753094 1.155631 1.475925 -0.68372429 0.27323428 -0.25110156 0.62834077
8.266667 4.767156 1.156881 1.471842 -0.68327339 0.27342165 -0.25153400 0.62857674
8.300000 4.780965 1.158181 1.467501 -0.68282347 0.27353125 -0.25191607 0.62886490
8.333333 4.794513 1.159534 1.463032 -0.68238720 0.27356481 -0.25223995 0.62919393
8.366667 4.807794 1.160939 1.458566 -0.68197805 0.27352433 -0.25249746 0.62955176
8.400000 4.820800 1.162400 1.454238 -0.68160976 0.27341191 -0.25268018 0.62992602
8.433333 4.833525 1.163918 1.450175 -0.68129599 0.27322956 -0.25277975 0.63030451
8.466667 4.845961 1.165494 1.446497 -0.68104984 0.27297903 -0.25278800 0.63067566
8.500000 4.858102 1.167130 1.443310 -0.68088341 0.27266155 -0.25269721 0.63102898
8.533333 4.869940 1.168827 1.440703 -0.68080738 0.27227775 -0.25250028 0.63135548
8.566667 4.881469 1.170589 1.438743 -0.68083067 0.27182745 -0.25219085 0.63164801
8.600000 4.892681 1.172415 1.437477 -0.68096010 0.27130952 -0.25176352 0.63190159
8.633333 4.903570 1.174308 1.436924 -0.68120017 0.27072182 -0.25121389 0.63211361
8.666667 4.914129 1.176269 1.437083 -0.68155288 0.27006113 -0.25053864 0.63228400
8.700000 4.924350 1.178300 1.437924 -0.68201768 0.26932316 -0.24973558 0.63241526
8.733333 4.934227 1.180403 1.439394 -0.68259148 0.26850254 -0.24880359 0.63251248
8.766667 4.943752 1.182579 1.441419 -0.68326877 0.26759293 -0.24774259 0.63258313
8.800000 4.952919 1.184830 1.443906 -0.68404181 0.26658713 -0.24655345 0.63263694
8.833333 4.961720 1.187157 1.446743 -0.68490092 0.26547724 -0.24523782 0.63268553
8.866667 4.970149 1.189563 1.449810 -0.68583482 0.26425482 -0.24379798 0.63274207
8.900000 4.978198 1.192048 1.452976 -0.68683107 0.26291116 -0.24223665 0.63282084
8.933333 4.985861 1.194615 1.456109 -0.68787646 0.26143744 -0.24055679 0.63293671
8.966667 4.993131 1.197265 1.459077 -0.68895754 0.25982502 -0.23876134 0.63310465
9.000000 5.000000 1.200000 1.461756 -0.69006107 0.25806563 -0.23685305 0.63333915
9.033333 5.006543 1.202845 1.464018 -0.69118451 0.25612237 -0.23480795 0.63366436
9.066667 5.012842 1.205823 1.465751 -0.69232476 0.25396205 -0.23260436 0.63410166
9.100000 5.018896 1.208930 1.466875 -0.69346933 0.25158330 -0.23024758 0.63465911
9.133333 5.024709 1.212162 1.467329 -0.69460754 0.24898594 -0.22774202 0.63534238
9.166667 5.030281 1.215518 1.467076 -0.69573080 0.24617113 -0.22509115 0.63615439
9.200000 5.035615 1.218993 1.466105 -0.69683280 0.24314139 -0.22229749 0.63709508
9.233333 5.040711 1.222583 1.464428 -0.69790968 0.23990062 -0.21936261 0.63816128
9.266667 5.045573 1.226287 1.462082 -0.69896002 0.23645405 -0.21628722 0.63934670
9.300000 5.050200 1.230100 1.459129 -0.69998486 0.23280820 -0.21307133 0.64064198
9.333333 5.054595 1.234019 1.455651 -0.70098748 0.22897069 -0.20971442 0.64203493
9.366667 5.058760 1.238041 1.451749 -0.70197324 0.22495013 -0.20621561 0.64351079
9.400000 5.062696 1.242163 1.447537 -0.70294924 0.22075594 -0.20257396 0.64505268
9.433333 5.066405 1.246381 1.443141 -0.70392394 0.21639811 -0.19878870 0.64664209
9.466667 5.069889 1.250692 1.438694 -0.70490668 0.21188701 -0.19485947 0.64825940
9.500000 5.073148 1.255093 1.434329 -0.70590724 0.20723316 -0.19078657 0.64988451
9.533333 5.076185 1.259580 1.430177 -0.70693525 0.20244705 -0.18657117 0.65149746
9.566667 5.079002 1.264150 1.426360 -0.70799970 0.19753894 -0.18221554 0.65307908
9.600000 5.081600 1.268800 1.422990 -0.70910840 0.19251868 -0.17772312 0.65461158
9.633333 5.083981 1.273527 1.420160 -0.71026751 0.18739564 -0.17309867 0.65607911
9.666667 5.086145 1.278326 1.417947 -0.71148108 0.18217857 -0.16834830 0.65746825
9.700000 5.088096 1.283196 1.416404 -0.71275077 0.17687562 -0.16347941 0.65876843
9.733333 5.089835 1.288133 1.415560 -0.71407556 0.17149430 -0.15850069 0.65997222
9.766667 5.091363 1.293133 1.415420 -0.71545167 0.16604153 -0.15342195 0.66107551
9.800000 5.092681 1.298193 1.415963 -0.71687249 0.16052376 -0.14825396 0.66207758
9.833333 5.093793 1.303309 1.417144 -0.71832876 0.15494704 -0.14300826 0.66298102
9.866667 5.094698 1.308480 1.418897 -0.71980878 0.14931717 -0.13769695 0.66379157
9.900000 5.095400 1.313700 1.421133 -0.72129874 0.14363981 -0.13233242 0.66451776
9.933333 5.095899 1.318967 1.423748 -0.72278319 0.13792068 -0.12692710 0.66517055
9.966667 5.096197 1.324278 1.426623 -0.72424553 0.13216562 -0.12149326 0.66576276
10.000000 5.096296 1.329630 1.429630 -0.72566857 0.12638075 -0.11604275 0.66630857
10.033333 5.096198 1.335018 1.432637 -0.72703516 0.12057252 -0.11058683 0.66682284
10.066667 5.095903 1.340440 1.435511 -0.72832871 0.11474780 -0.10513599 0.66732051
10.100000 5.095415 1.345893 1.438126 -0.72953382 0.10891388 -0.09969986 0.66781592
10.133333 5.094734 1.351372 1.440362 -0.73063679 0.10307844 -0.09428709 0.66832227
10.166667 5.093861 1.356876 1.442115 -0.73162604 0.09724955 -0.08890534 0.66885103
10.200000 5.092800 1.362400 1.443297 -0.73249252 0.09143557 -0.08356129 0.66941150
10.233333 5.091551 1.367941 1.443840 -0.73322997 0.08564503 -0.07826067 0.67001045
10.266667 5.090116 1.373497 1.443699 -0.73383515 0.07988657 -0.07300832 0.67065184
10.300000 5.088496 1.379063 1.442855 -0.73430783 0.07416874 -0.06780834 0.67133675
10.333333 5.086694 1.384636 1.441312 -0.73465085 0.06849990 -0.06266415 0.67206331
10.366667 5.084711 1.390214 1.439099 -0.73486991 0.06288812 -0.05757865 0.67282687
10.400000 5.082548 1.395793 1.436270 -0.73497341 0.05734096 -0.05255432 0.67362018
10.433333 5.080208 1.401369 1.432899 -0.73497209 0.05186545 -0.04759338 0.67443375
10.466667 5.077691 1.406939 1.429083 -0.73487865 0.04646793 -0.04269788 0.67525624
10.500000 5.075000 1.412500 1.424930 -0.73470732 0.04115402 -0.03786978 0.67607498
10.533333 5.072136 1.418049 1.420565 -0.73447335 0.03592853 -0.03311104 0.67687642
10.566667 5.069101 1.423582 1.416118 -0.73419248 0.03079544 -0.02842365 0.67764676
10.600000 5.065896 1.429096 1.411722 -0.73388043 0.02575793 -0.02380970 0.67837242
10.633333 5.062524 1.434588 1.407510 -0.73355238 0.02081837 -0.01927131 0.67904058
10.666667 5.058985 1.440055 1.403608 -0.73322249 0.01597836 -0.01481069 0.67963970
10.700000 5.055281 1.445493 1.400130 -0.73290343 0.01123886 -0.01043005 0.68015988
10.733333 5.051415 1.450898 1.397177 -0.73260608 0.00660017 -0.00613158 0.68059325
10.766667 5.047387 1.456268 1.394832 -0.73233914 0.00206213 -0.00191738 0.68093425
10.800000 5.043200 1.461600 1.393154 -0.73210899 -0.00237589 0.00221061 0.68117978
10.833333 5.038855 1.466890 1.392183 -0.73191955 -0.00671478 0.00625065 0.68132930
10.866667 5.034353 1.472134 1.391930 -0.73177223 -0.01095568 0.01020130 0.68138485
10.900000 5.029696 1.477330 1.392384 -0.73166604 -0.01509983 0.01406144 0.68135092
10.933333 5.024887 1.482474 1.393508 -0.73159770 -0.01914852 0.01783033 0.68123434
10.966667 5.019926 1.487562 1.395242 -0.73156191 -0.02310301 0.02150763 0.68104394
11.000000 5.014815 1.492593 1.397504 -0.73155161 -0.02696448 0.02509346 0.68079034
11.033333 5.009556 1.497561 1.400194 -0.73155836 -0.03073399 0.02858834 0.68048549
11.066667 5.004150 1.502465 1.403200 -0.73157271 -0.03441246 0.03199323 0.68014233
11.100000 4.998600 1.507300 1.406394 -0.73158462 -0.03800066 0.03530948 0.67977433
11.133333 4.992906 1.512064 1.409647 -0.73158388 -0.04149922 0.03853880 0.67939503
11.166667 4.987071 1.516752 1.412825 -0.73156048 -0.04490866 0.04168318 0.67901766
11.200000 4.981096 1.521363 1.415798 -0.73150506 -0.04822941 0.04474489 0.67865467
11.233333 4.974983 1.525892 1.418445 -0.73140921 -0.05146188 0.04772634 0.67831736
11.266667 4.968733 1.530336 1.420655 -0.73126579 -0.05460645 0.05063005 0.67801554
11.300000 4.962348 1.534693 1.422335 -0.73106920 -0.05766358 0.05345856 0.67775727
11.333333 4.955830 1.538957 1.423411 -0.73081555 -0.06063379 0.05621438 0.67754861
11.366667 4.949180 1.543128 1.423829 -0.73050279 -0.06351779 0.05889989 0.67739351
11.400000 4.942400 1.547200 1.423561 -0.73013081 -0.06631642 0.06151732 0.67729370
11.433333 4.935492 1.551171 1.422603 -0.72970141 -0.06903076 0.06406866 0.67724871
11.466667 4.928457 1.555038 1.420976 -0.72921823 -0.07166211 0.06655565 0.67725598
11.500000 4.921296 1.558796 1.418727 -0.72868667 -0.07421203 0.06897975 0.67731094
11.533333 4.914013 1.562444 1.415922 -0.72811365 -0.07668232 0.07134211 0.67740730
11.566667 4.906607 1.565977 1.412652 -0.72750742 -0.07907503 0.07364361 0.67753724
11.600000 4.899081 1.569393 1.409022 -0.72687731 -0.08139240 0.07588483 0.67769178
11.633333 4.891437 1.572687 1.405150 -0.72623337 -0.08363690 0.07806609 0.67786108
11.666667 4.883676 1.575857 1.401166 -0.72558608 -0.08581113 0.08018751 0.67803485
11.700000 4.875800 1.578900 1.397202 -0.72494602 -0.08791781 0.08224901 0.67820265
11.733333 4.867810 1.581812 1.393393 -0.72432350 -0.08995971 0.08425042 0.67835433
11.766667 4.859708 1.584589 1.389865 -0.72372826 -0.09193958 0.08619147 0.67848032
11.800000 4.851496 1.587230 1.386739 -0.72316915 -0.09386015 0.08807189 0.67857202
11.833333 4.843176 1.589729 1.384120 -0.72265386 -0.09572399 0.08989145 0.67862202
11.866667 4.834748 1.592084 1.382097 -0.72218867 -0.09753352 0.09165004 0.67862435
11.900000 4.826215 1.594293 1.380738 -0.72177826 -0.09929093 0.09334767 0.67857473
11.933333 4.817578 1.596350 1.380088 -0.72142561 -0.10099816 0.09498454 0.67847063
11.966667 4.808839 1.598254 1.380170 -0.72113190 -0.10265681 0.09656109 0.67831137
12.000000 4.800000 1.600000 1.380979 -0.72089650 -0.10426819 0.09807798 0.67809815
12.033333 4.790878 1.601599 1.382489 -0.72071472 -0.10584560 0.09954787 0.67783274
12.066667 4.781298 1.603065 1.384651 -0.72058001 -0.10740219 0.10098390 0.67751861
12.100000 4.771270 1.604400 1.387388 -0.72048649 -0.10893854 0.10238782 0.67716198
12.133333 4.760805 1.605607 1.390605 -0.72042697 -0.11045494 0.10376158 0.67677043
12.166667 4.749914 1.606687 1.394193 -0.72039322 -0.11195138 0.10510735 0.67635268
12.200000 4.738607 1.607644 1.398027 -0.72037623 -0.11342761 0.10642743 0.67591824
12.233333 4.726896 1.608481 1.401977 -0.72036656 -0.11488317 0.10772426 0.67547714
12.266667 4.714790 1.609198 1.405909 -0.72035465 -0.11631747 0.10900032 0.67503952
12.300000 4.702300 1.609800 1.409691 -0.72033113 -0.11772983 0.11025812 0.67461537
12.333333 4.689438 1.610288 1.413196 -0.72028717 -0.11911955 0.11150009 0.67421410
12.366667 4.676213 1.610665 1.416310 -0.72021474 -0.12048596 0.11272857 0.67384429
12.400000 4.662637 1.610933 1.418931 -0.72010691 -0.12182847 0.11394572 0.67351335
12.433333 4.648720 1.611095 1.420978 -0.71995806 -0.12314664 0.11515348 0.67322728
12.466667 4.634474 1.611154 1.422388 -0.71976406 -0.12444022 0.11635352 0.67299048
12.500000 4.619907 1.611111 1.423125 -0.71952241 -0.12570918 0.11754719 0.67280559
12.533333 4.605033 1.610970 1.423175 -0.71923233 -0.12695377 0.11873551 0.67267338
12.566667 4.589860 1.610732 1.422550 -0.71889477 -0.12817448 0.11991912 0.67259276
12.600000 4.574400 1.610400 1.421287 -0.71851235 -0.12937213 0.12109830 0.67256082
12.633333 4.558664 1.609977 1.419445 -0.71808933 -0.13054780 0.12227297 0.67257290
12.666667 4.542661 1.609465 1.417105 -0.71763141 -0.13170286 0.12344268 0.67262279
12.700000 4.526404 1.608867 1.414368 -0.71714555 -0.13283893 0.12460670 0.67270295
12.733333 4.509902 1.608184 1.411347 -0.71663974 -0.13395784 0.12576398 0.67280473
12.766667 4.493166 1.607421 1.408168 -0.71612273 -0.13506160 0.12691327 0.67291873
12.800000 4.476207 1.606578 1.404960 -0.71560372 -0.13615234 0.12805314 0.67303511
12.833333 4.459036 1.605658 1.401857 -0.71509202 -0.13723226 0.12918206 0.67314390
12.866667 4.441664 1.604665 1.398989 -0.71459677 -0.13830356 0.13029845 0.67323539
12.900000 4.424100 1.603600 1.396477 -0.71412659 -0.13936836 0.13140077 0.67330046
12.933333 4.406356 1.602466 1.394430 -0.71368926 -0.14042868 0.13248758 0.67333087
12.966667 4.388443 1.601265 1.392943 -0.71329148 -0.14148633 0.13355762 0.67331957
13.000000 4.370370 1.600000 1.392090 -0.71293860 -0.14254287 0.13460983 0.67326092
13.033333 4.352150 1.598673 1.391923 -0.71263443 -0.14359959 0.13564346 0.67315094
13.066667 4.333792 1.597287 1.392471 -0.71238109 -0.14465741 0.13665805 0.67298736
13.100000 4.315307 1.595844 1.393737 -0.71217897 -0.14571690 0.13765350 0.67276980
13.133333 4.296707 1.594347 1.395699 -0.71202666 -0.14677823 0.13863009 0.67249972
13.166667 4.278001 1.592798 1.398313 -0.71192103 -0.14784119 0.13958845 0.67218040
13.200000 4.259200 1.591200 1.401509 -0.71185731 -0.14890521 0.14052961 0.67181682
13.233333 4.240315 1.589555 1.405199 -0.71182927 -0.14996934 0.14145490 0.67141551
13.266667 4.221357 1.587865 1.409276 -0.71182947 -0.15103231 0.14236600 0.67098432
13.300000 4.202337 1.586133 1.413622 -0.71184947 -0.15209260 0.14326481 0.67053216
13.333333 4.183265 1.584362 1.418107 -0.71188013 -0.15314846 0.14415346 0.67006866
13.366667 4.164151 1.582554 1.422598 -0.71191199 -0.15419800 0.14503420 0.66960389
13.400000 4.145007 1.580711 1.426962 -0.71193553 -0.15523925 0.14590933 0.66914800
13.433333 4.125844 1.578836 1.431071 -0.71194155 -0.15627024 0.14678114 0.66871080
13.466667 4.106671 1.576932 1.434804 -0.71192147 -0.15728906 0.14765184 0.66830150
13.500000 4.087500 1.575000 1.438055 -0.71186764 -0.15829395 0.14852342 0.66792835
13.533333 4.068341 1.573044 1.440737 -0.71177359 -0.15928337 0.14939766 0.66759831
13.566667 4.049206 1.571065 1.442780 -0.71163428 -0.16025604 0.15027601 0.66731685
13.600000 4.030104 1.569067 1.444138 -0.71144626 -0.16121100 0.15115953 0.66708772
13.633333 4.011046 1.567051 1.444791 -0.71120781 -0.16214766 0.15204888 0.66691284
13.666667 3.992044 1.565021 1.444741 -0.71091898 -0.16306580 0.15294429 0.66679217
13.700000 3.973107 1.562978 1.444018 -0.71058162 -0.16396561 0.15384548 0.66672378
13.733333 3.954247 1.560925 1.442673 -0.71019933 -0.16484770 0.15475177 0.66670386
13.766667 3.935475 1.558865 1.440781 -0.70977731 -0.16571305 0.15566198 0.66672686
13.800000 3.916800 1.556800 1.438435 -0.70932222 -0.16656299 0.15657457 0.66678569
13.833333 3.898234 1.554733 1.435746 -0.70884195 -0.16739919 0.15748762 0.66687199
13.866667 3.879787 1.552665 1.432834 -0.70834534 -0.16822353 0.15839891 0.66697639
13.900000 3.861470 1.550600 1.429830 -0.70784189 -0.16903814 0.15930601 0.66708887
13.933333 3.843294 1.548540 1.426867 -0.70734144 -0.16984523 0.16020634 0.66719908
13.966667 3.825270 1.546487 1.424074 -0.70685378 -0.17064705 0.16109728 0.66729678
14.000000 3.807407 1.544444 1.421578 -0.70638835 -0.17144578 0.16197625 0.66737212
14.033333 3.789718 1.542414 1.419492 -0.70595388 -0.17224350 0.16284078 0.66741604
14.066667 3.772212 1.540398 1.417915 -0.70555808 -0.17304205 0.16368862 0.66742061
14.100000 3.754900 1.538400 1.416929 -0.70520735 -0.17384295 0.16451783 0.66737928
14.133333 3.737793 1.536421 1.416595 -0.70490654 -0.17464739 0.16532682 0.66728712
14.166667 3.720902 1.534465 1.416947 -0.70465878 -0.17545611 0.16611441 0.66714104
14.200000 3.704237 1.532533 1.417999 -0.70446534 -0.17626942 0.16687989 0.66693986
14.233333 3.687809 1.530629 1.419736 -0.70432562 -0.17708709 0.16762305 0.66668441
14.266667 3.671629 1.528754 1.422122 -0.70423711 -0.17790846 0.16834414 0.66637746
14.300000 3.655707 1.526911 1.425096 -0.70419553 -0.17873234 0.16904392 0.66602369
14.333333 3.640055 1.525103 1.428574 -0.70419494 -0.17955710 0.16972360 0.66562950
14.366667 3.624682 1.523332 1.432456 -0.70422798 -0.18038070 0.17038481 0.66520281
14.400000 3.609600 1.521600 1.436626 -0.70428613 -0.18120076 0.17102950 0.66475276
14.433333 3.594819 1.519910 1.440960 -0.70436003 -0.18201463 0.17165994 0.66428947
14.466667 3.580350 1.518265 1.445323 -0.70443978 -0.18281945 0.17227855 0.66382358
14.500000 3.566204 1.516667 1.449583 -0.70451535 -0.18361230 0.17288786 0.66336598
14.533333 3.552391 1.515118 1.453609 -0.70457693 -0.18439023 0.17349040 0.66292736
14.566667 3.538922 1.513621 1.457277 -0.70461523 -0.18515041 0.17408856 0.66251784
14.600000 3.525807 1.512178 1.460477 -0.70462189 -0.18589018 0.17468454 0.66214662
14.633333 3.513059 1.510792 1.463114 -0.70458974 -0.18660717 0.17528025 0.66182165
14.666667 3.500686 1.509465 1.465112 -0.70451307 -0.18729937 0.17587718 0.66154931
14.700000 3.488700 1.508200 1.466417 -0.70438782 -0.18796518 0.17647638 0.66133424
14.733333 3.477112 1.506999 1.467001 -0.70421176 -0.18860347 0.17707837 0.66117908
14.766667 3.465932 1.505865 1.466858 -0.70398454 -0.18921362 0.17768314 0.66108447
14.800000 3.455170 1.504800 1.466008 -0.70370775 -0.18979552 0.17829010 0.66104894
14.833333 3.444839 1.503807 1.464496 -0.70338484 -0.19034957 0.17889809 0.66106904
14.866667 3.434948 1.502887 1.462389 -0.70302103 -0.19087669 0.17950545 0.66113940
14.900000 3.425507 1.502044 1.459775 -0.70262311 -0.19137824 0.18010998 0.66125300
14.933333 3.416529 1.501281 1.456758 -0.70219924 -0.19185598 0.18070911 0.66140134
14.966667 3.408023 1.500598 1.453458 -0.70175863 -0.19231199 0.18129990 0.66157484
