0.000000 0.800000 0.700000 1.500000 -0.70749506 0.17782440 -0.16672837 0.66334823
0.033333 0.806234 0.700568 1.503745 -0.70774313 0.17826882 -0.16697417 0.66290234
0.066667 0.812711 0.701160 1.507350 -0.70798360 0.17872073 -0.16722880 0.66245954
0.100000 0.819428 0.701776 1.510690 -0.70820729 0.17917770 -0.16749469 0.66202969
0.133333 0.826380 0.702415 1.513644 -0.70840571 0.17963750 -0.16777406 0.66162193
0.166667 0.833565 0.703078 1.516107 -0.70857139 0.18009809 -0.16806894 0.66124436
0.200000 0.840978 0.703763 1.517993 -0.70869808 0.18055775 -0.16838101 0.66090375
0.233333 0.848615 0.704470 1.519232 -0.70878101 0.18101512 -0.16871157 0.66060533
0.266667 0.856474 0.705199 1.519781 -0.70881704 0.18146924 -0.16906151 0.66035258
0.300000 0.864550 0.705950 1.519617 -0.70880472 0.18191955 -0.16943125 0.66014711
0.333333 0.872840 0.706722 1.518747 -0.70874438 0.18236598 -0.16982071 0.65998863
0.366667 0.881339 0.707514 1.517198 -0.70863809 0.18280887 -0.17022934 0.65987495
0.400000 0.890044 0.708326 1.515025 -0.70848957 0.18324902 -0.17065613 0.65980210
0.433333 0.898952 0.709158 1.512302 -0.70830408 0.18368761 -0.17109961 0.65976444
0.466667 0.908059 0.710009 1.509124 -0.70808820 0.18412620 -0.17155795 0.65975488
0.500000 0.917361 0.710880 1.505602 -0.70784961 0.18456664 -0.17202898 0.65976519
0.533333 0.926854 0.711768 1.501857 -0.70759681 0.18501102 -0.17251028 0.65978624
0.566667 0.936535 0.712675 1.498021 -0.70733880 0.18546158 -0.17299928 0.65980836
0.600000 0.946400 0.713600 1.494226 -0.70708480 0.18592065 -0.17349330 0.65982169
0.633333 0.956445 0.714542 1.490605 -0.70684386 0.18639054 -0.17398972 0.65981656
0.666667 0.966667 0.715501 1.487284 -0.70662458 0.18687348 -0.17448599 0.65978379
0.700000 0.977061 0.716476 1.484377 -0.70643475 0.18737150 -0.17497978 0.65971505
0.733333 0.987625 0.717467 1.481985 -0.70628111 0.18788639 -0.17546902 0.65960315
0.766667 0.998354 0.718474 1.480189 -0.70616910 0.18841962 -0.17595200 0.65944230
0.800000 1.009244 0.719496 1.479051 -0.70610263 0.18897225 -0.17642740 0.65922829
0.833333 1.020293 0.720533 1.478607 -0.70608395 0.18954493 -0.17689438 0.65895869
0.866667 1.031496 0.721585 1.478871 -0.70611359 0.19013787 -0.17735256 0.65863287
0.900000 1.042850 0.722650 1.479829 -0.70619032 0.19075078 -0.17780206 0.65825208
0.933333 1.054351 0.723729 1.481447 -0.70631121 0.19138293 -0.17824352 0.65781935
0.966667 1.065994 0.724821 1.483661 -0.70647171 0.19203315 -0.17867802 0.65733946
1.000000 1.077778 0.725926 1.486392 -0.70666586 0.19269986 -0.17910709 0.65681868
1.033333 1.089697 0.727043 1.489540 -0.70688649 0.19338112 -0.17953263 0.65626463
1.066667 1.101748 0.728172 1.492989 -0.70712545 0.19407475 -0.17995689 0.65568599
1.100000 1.113928 0.729313 1.496615 -0.70737395 0.19477831 -0.18038231 0.65509216
1.133333 1.126232 0.730465 1.500287 -0.70762284 0.19548927 -0.18081151 0.65449298
1.166667 1.138657 0.731627 1.503870 -0.70786297 0.19620505 -0.18124716 0.65389835
1.200000 1.151200 0.732800 1.507235 -0.70808547 0.19692311 -0.18169191 0.65331792
1.233333 1.163856 0.733983 1.510260 -0.70828206 0.19764108 -0.18214824 0.65276071
1.266667 1.176622 0.735175 1.512835 -0.70844538 0.19835677 -0.18261844 0.65223481
1.300000 1.189494 0.736376 1.514866 -0.70856917 0.19906831 -0.18310449 0.65174711
1.333333 1.202469 0.737586 1.516278 -0.70864853 0.19977417 -0.18360798 0.65130304
1.366667 1.215543 0.738804 1.517018 -0.70868008 0.20047322 -0.18413006 0.65090641
1.400000 1.228711 0.740030 1.517057 -0.70866201 0.20116481 -0.18467143 0.65055925
1.433333 1.241971 0.741263 1.516391 -0.70859420 0.20184870 -0.18523224 0.65026177
1.466667 1.255319 0.742503 1.515042 -0.70847818 0.20252517 -0.18581216 0.65001236
1.500000 1.268750 0.743750 1.513055 -0.70831705 0.20319493 -0.18641034 0.64980763
1.533333 1.282262 0.745003 1.510498 -0.70811541 0.20385916 -0.18702543 0.64964259
1.566667 1.295850 0.746262 1.507459 -0.70787916 0.20451940 -0.18765569 0.64951078
1.600000 1.309511 0.747526 1.504044 -0.70761528 0.20517756 -0.18829899 0.64940456
1.633333 1.323241 0.748795 1.500372 -0.70733162 0.20583581 -0.18895288 0.64931534
1.666667 1.337037 0.750069 1.496571 -0.70703657 0.20649653 -0.18961474 0.64923395
1.700000 1.350894 0.751346 1.492774 -0.70673881 0.20716221 -0.19028181 0.64915091
1.733333 1.364810 0.752628 1.489114 -0.70644696 0.20783538 -0.19095130 0.64905681
1.766667 1.378780 0.753912 1.485719 -0.70616928 0.20851848 -0.19162053 0.64894265
1.800000 1.392800 0.755200 1.482709 -0.70591340 0.20921380 -0.19228696 0.64880011
1.833333 1.406867 0.756490 1.480189 -0.70568600 0.20992343 -0.19294833 0.64862190
1.866667 1.420978 0.757782 1.478247 -0.70549261 0.21064910 -0.19360272 0.64840198
1.900000 1.435128 0.759076 1.476951 -0.70533738 0.21139217 -0.19424865 0.64813579
1.933333 1.449314 0.760371 1.476348 -0.70522295 0.21215358 -0.19488506 0.64782039
1.966667 1.463531 0.761667 1.476457 -0.70515034 0.21293381 -0.19551146 0.64745460
2.000000 1.477778 0.762963 1.477275 -0.70511895 0.21373281 -0.19612784 0.64703897
2.033333 1.492049 0.764259 1.478773 -0.70512651 0.21455008 -0.19673476 0.64657582
2.066667 1.506341 0.765555 1.480899 -0.70516927 0.21538463 -0.19733328 0.64606915
2.100000 1.520650 0.766850 1.483577 -0.70524202 0.21623502 -0.19792495 0.64552445
2.133333 1.534973 0.768144 1.486713 -0.70533839 0.21709943 -0.19851177 0.64494858
2.166667 1.549306 0.769436 1.490197 -0.70545100 0.21797572 -0.19909609 0.64434945
2.200000 1.563644 0.770726 1.493908 -0.70557177 0.21886147 -0.19968056 0.64373583
2.233333 1.577986 0.772014 1.497715 -0.70569217 0.21975411 -0.20026805 0.64311694
2.266667 1.592326 0.773298 1.501485 -0.70580356 0.22065100 -0.20086150 0.64250224
2.300000 1.606661 0.774580 1.505087 -0.70589749 0.22154950 -0.20146387 0.64190098
2.333333 1.620988 0.775857 1.508395 -0.70596593 0.22244708 -0.20207802 0.64132198
2.366667 1.635302 0.777131 1.511295 -0.70600162 0.22334141 -0.20270662 0.64077324
2.400000 1.649600 0.778400 1.513687 -0.70599829 0.22423045 -0.20335201 0.64026173
2.433333 1.663878 0.779664 1.515489 -0.70595084 0.22511249 -0.20401620 0.63979307
2.466667 1.678133 0.780923 1.516641 -0.70585554 0.22598623 -0.20470072 0.63937141
2.500000 1.692361 0.782176 1.517106 -0.70571014 0.22685086 -0.20540660 0.63899923
2.533333 1.706558 0.783423 1.516873 -0.70551393 0.22770601 -0.20613436 0.63867730
2.566667 1.720720 0.784663 1.515952 -0.70526777 0.22855186 -0.20688392 0.63840463
2.600000 1.734844 0.785896 1.514383 -0.70497403 0.22938905 -0.20765469 0.63817852
2.633333 1.748927 0.787122 1.512225 -0.70463651 0.23021873 -0.20844551 0.63799466
2.666667 1.762963 0.788340 1.509561 -0.70426034 0.23104248 -0.20925476 0.63784731
2.700000 1.776950 0.789550 1.506491 -0.70385171 0.23186229 -0.21008036 0.63772948
2.733333 1.790884 0.790751 1.503129 -0.70341775 0.23268048 -0.21091988 0.63763317
2.766667 1.804761 0.791943 1.499602 -0.70296620 0.23349960 -0.21177064 0.63754973
2.800000 1.818578 0.793126 1.496041 -0.70250517 0.23432239 -0.21262977 0.63747007
2.833333 1.832330 0.794299 1.492581 -0.70204284 0.23515166 -0.21349432 0.63738506
2.866667 1.846015 0.795461 1.489350 -0.70158719 0.23599020 -0.21436139 0.63728583
2.900000 1.859628 0.796613 1.486473 -0.70114569 0.23684066 -0.21522825 0.63716405
2.933333 1.873165 0.797754 1.484059 -0.70072500 0.23770551 -0.21609237 0.63701228
2.966667 1.886624 0.798883 1.482202 -0.70033082 0.23858688 -0.21695160 0.63682419
3.000000 1.900000 0.800000 1.480979 -0.69996759 0.23948654 -0.21780420 0.63659477
3.033333 1.913352 0.801117 1.480448 -0.69963564 0.24041447 -0.21865662 0.63631763
3.066667 1.926740 0.802246 1.480644 -0.69933409 0.24137962 -0.21951531 0.63598801
3.100000 1.940165 0.803387 1.481570 -0.69906326 0.24238150 -0.22037932 0.63560579
3.133333 1.953625 0.804539 1.483206 -0.69882194 0.24341909 -0.22124827 0.63517261
3.166667 1.967121 0.805701 1.485504 -0.69860737 0.24449086 -0.22212238 0.63469175
3.200000 1.980652 0.806874 1.488398 -0.69841541 0.24559473 -0.22300242 0.63416801
3.233333 1.994217 0.808057 1.491798 -0.69824065 0.24672821 -0.22388967 0.63360761
3.266667 2.007817 0.809249 1.495597 -0.69807666 0.24788837 -0.22478588 0.63301788
3.300000 2.021450 0.810450 1.499677 -0.69791622 0.24907199 -0.22569312 0.63240707
3.333333 2.035117 0.811660 1.503909 -0.69775158 0.25027560 -0.22661378 0.63178402
3.366667 2.048816 0.812878 1.508160 -0.69757477 0.25149558 -0.22755039 0.63115785
3.400000 2.062548 0.814104 1.512296 -0.69737786 0.25272831 -0.22850555 0.63053765
3.433333 2.076312 0.815337 1.516188 -0.69715330 0.25397021 -0.22948181 0.62993215
3.466667 2.090108 0.816577 1.519717 -0.69689412 0.25521788 -0.23048153 0.62934941
3.500000 2.103935 0.817824 1.522778 -0.69659427 0.25646820 -0.23150680 0.62879654
3.533333 2.117793 0.819077 1.525280 -0.69624876 0.25771837 -0.23255934 0.62827944
3.566667 2.131682 0.820336 1.527156 -0.69585387 0.25896606 -0.23364039 0.62780263
3.600000 2.145600 0.821600 1.528361 -0.69540730 0.26020940 -0.23475065 0.62736902
3.633333 2.159548 0.822869 1.528871 -0.69490820 0.26144709 -0.23589026 0.62697991
3.666667 2.173525 0.824143 1.528692 -0.69435726 0.26267837 -0.23705869 0.62663486
3.700000 2.187531 0.825420 1.527851 -0.69375667 0.26390307 -0.23825483 0.62633178
3.733333 2.201566 0.826702 1.526401 -0.69311003 0.26512157 -0.23947692 0.62606697
3.766667 2.215628 0.827986 1.524416 -0.69242225 0.26633480 -0.24072264 0.62583529
3.800000 2.229719 0.829274 1.521991 -0.69169940 0.26754417 -0.24198915 0.62563033
3.833333 2.243836 0.830564 1.519233 -0.69094845 0.26875151 -0.24327314 0.62544468
3.866667 2.257980 0.831856 1.516266 -0.69017710 0.26995899 -0.24457099 0.62527013
3.900000 2.272150 0.833150 1.513219 -0.68939349 0.27116903 -0.24587879 0.62509807
3.933333 2.286346 0.834445 1.510225 -0.68860589 0.27238418 -0.24719254 0.62491970
3.966667 2.300568 0.835741 1.507414 -0.68782247 0.27360703 -0.24850823 0.62472642
4.000000 2.314815 0.837037 1.504911 -0.68705099 0.27484010 -0.24982195 0.62451009
4.033333 2.329086 0.838333 1.502831 -0.68629852 0.27608569 -0.25113005 0.62426335
4.066667 2.343382 0.839629 1.501273 -0.68557122 0.27734583 -0.25242923 0.62397987
4.100000 2.357702 0.840924 1.500318 -0.68487414 0.27862215 -0.25371664 0.62365453
4.133333 2.372045 0.842218 1.500027 -0.68421101 0.27991579 -0.25498997 0.62328369
4.166667 2.386411 0.843510 1.500435 -0.68358415 0.28122738 -0.25624753 0.62286521
4.200000 2.400800 0.844800 1.501554 -0.68299439 0.28255694 -0.25748827 0.62239860
4.233333 2.415211 0.846088 1.503372 -0.68244106 0.28390390 -0.25871184 0.62188501
4.266667 2.429644 0.847372 1.505851 -0.68192201 0.28526707 -0.25991854 0.62132715
4.300000 2.444098 0.848654 1.508929 -0.68143373 0.28664468 -0.26110937 0.62072924
4.333333 2.458573 0.849931 1.512524 -0.68097148 0.28803441 -0.26228592 0.62009686
4.366667 2.473069 0.851205 1.516536 -0.68052947 0.28943347 -0.26345033 0.61943671
4.400000 2.487585 0.852474 1.520848 -0.68010108 0.29083866 -0.26460520 0.61875640
4.433333 2.502121 0.853738 1.525336 -0.67967914 0.29224649 -0.26575347 0.61806420
4.466667 2.516676 0.854997 1.529866 -0.67925615 0.29365328 -0.26689835 0.61736870
4.500000 2.531250 0.856250 1.534305 -0.67882458 0.29505527 -0.26804313 0.61667857
4.533333 2.545843 0.857497 1.538522 -0.67837717 0.29644875 -0.26919108 0.61600220
4.566667 2.560453 0.858737 1.542394 -0.67790714 0.29783018 -0.27034534 0.61534745
4.600000 2.575081 0.859970 1.545810 -0.67740849 0.29919627 -0.27150875 0.61472135
4.633333 2.589727 0.861196 1.548675 -0.67687614 0.30054414 -0.27268375 0.61412986
4.666667 2.604390 0.862414 1.550914 -0.67630621 0.30187136 -0.27387229 0.61357768
4.700000 2.619069 0.863624 1.552473 -0.67569606 0.30317607 -0.27507570 0.61306808
4.733333 2.633764 0.864825 1.553322 -0.67504445 0.30445700 -0.27629470 0.61260278
4.766667 2.648474 0.866017 1.553456 -0.67435156 0.30571353 -0.27752927 0.61218193
4.800000 2.663200 0.867200 1.552897 -0.67361899 0.30694570 -0.27877870 0.61180407
4.833333 2.677941 0.868373 1.551687 -0.67284973 0.30815420 -0.28004156 0.61146624
4.866667 2.692696 0.869535 1.549895 -0.67204802 0.30934034 -0.28131574 0.61116402
4.900000 2.707465 0.870687 1.547608 -0.67121925 0.31050602 -0.28259854 0.61089180
4.933333 2.722247 0.871828 1.544931 -0.67036977 0.31165363 -0.28388671 0.61064287
4.966667 2.737043 0.872957 1.541982 -0.66950667 0.31278598 -0.28517657 0.61040976
5.000000 2.751852 0.874074 1.538889 -0.66863753 0.31390618 -0.28646413 0.61018445
5.033333 2.766673 0.875179 1.535783 -0.66777021 0.31501756 -0.28774522 0.60995867
5.066667 2.781506 0.876271 1.532797 -0.66691252 0.31612348 -0.28901563 0.60972421
5.100000 2.796350 0.877350 1.530058 -0.66607199 0.31722728 -0.29027122 0.60947320
5.133333 2.811205 0.878415 1.527685 -0.66525562 0.31833210 -0.29150809 0.60919838
5.166667 2.826072 0.879467 1.525782 -0.66446962 0.31944076 -0.29272272 0.60889336
5.200000 2.840948 0.880504 1.524437 -0.66371921 0.32055567 -0.29391205 0.60855286
5.233333 2.855834 0.881526 1.523717 -0.66300842 0.32167874 -0.29507359 0.60817284
5.266667 2.870730 0.882533 1.523666 -0.66233999 0.32281124 -0.29620552 0.60775071
5.300000 2.885635 0.883524 1.524305 -0.66171527 0.32395382 -0.29730675 0.60728537
5.333333 2.900549 0.884499 1.525629 -0.66113417 0.32510643 -0.29837693 0.60677724
5.366667 2.915470 0.885458 1.527609 -0.66059519 0.32626833 -0.29941649 0.60622829
5.400000 2.930400 0.886400 1.530190 -0.66009546 0.32743806 -0.30042658 0.60564194
5.433333 2.945337 0.887325 1.533297 -0.65963090 0.32861357 -0.30140909 0.60502293
5.466667 2.960281 0.888232 1.536836 -0.65919633 0.32979221 -0.30236650 0.60437720
5.500000 2.975231 0.889120 1.540695 -0.65878568 0.33097083 -0.30330188 0.60371161
5.533333 2.990188 0.889991 1.544751 -0.65839222 0.33214591 -0.30421868 0.60303381
5.566667 3.005151 0.890842 1.548874 -0.65800881 0.33331367 -0.30512070 0.60235186
5.600000 3.020119 0.891674 1.552929 -0.65762816 0.33447018 -0.30601187 0.60167403
5.633333 3.035091 0.892486 1.556785 -0.65724307 0.33561151 -0.30689615 0.60100849
5.666667 3.050069 0.893278 1.560315 -0.65684672 0.33673387 -0.30777738 0.60036303
5.700000 3.065050 0.894050 1.563404 -0.65643289 0.33783372 -0.30865913 0.59974476
5.733333 3.080035 0.894801 1.565952 -0.65599619 0.33890790 -0.30954453 0.59915993
5.766667 3.095024 0.895530 1.567875 -0.65553226 0.33995375 -0.31043620 0.59861362
5.800000 3.110015 0.896237 1.569112 -0.65503791 0.34096918 -0.31133613 0.59810967
5.833333 3.125009 0.896922 1.569627 -0.65451123 0.34195278 -0.31224556 0.59765044
5.866667 3.140004 0.897585 1.569405 -0.65395171 0.34290381 -0.31316499 0.59723683
5.900000 3.155002 0.898224 1.568459 -0.65336020 0.34382228 -0.31409408 0.59686816
5.933333 3.170001 0.898840 1.566826 -0.65273894 0.34470894 -0.31503169 0.59654226
5.966667 3.185000 0.899432 1.564564 -0.65209146 0.34556524 -0.31597589 0.59625551
6.000000 3.200000 0.900000 1.561756 -0.65142250 0.34639331 -0.31692403 0.59600299
6.033333 3.215049 0.900531 1.558503 -0.65072271 0.34722074 -0.31789714 0.59576768
6.066667 3.230194 0.901014 1.554925 -0.64998360 0.34807507 -0.31891536 0.59553175
6.100000 3.245431 0.901450 1.551147 -0.64921246 0.34895905 -0.31997389 0.59528772
6.133333 3.260759 0.901840 1.547300 -0.64841699 0.34987572 -0.32106768 0.59502768
6.166667 3.276175 0.902186 1.543520 -0.64760502 0.35082823 -0.32219150 0.59474358
6.200000 3.291674 0.902489 1.539935 -0.64678428 0.35181977 -0.32334019 0.59442751
6.233333 3.307255 0.902750 1.536670 -0.64596208 0.35285337 -0.32450871 0.59407204
6.266667 3.322915 0.902970 1.533835 -0.64514512 0.35393180 -0.32569236 0.59367040
6.300000 3.338650 0.903150 1.531524 -0.64433922 0.35505741 -0.32688686 0.59321681
6.333333 3.354458 0.903292 1.529813 -0.64354914 0.35623202 -0.32808853 0.59270665
6.366667 3.370336 0.903397 1.528755 -0.64277839 0.35745682 -0.32929433 0.59213664
6.400000 3.386281 0.903467 1.528380 -0.64202914 0.35873230 -0.33050203 0.59150497
6.433333 3.402291 0.903501 1.528693 -0.64130212 0.36005813 -0.33171018 0.59081138
6.466667 3.418362 0.903503 1.529672 -0.64059661 0.36143321 -0.33291819 0.59005720
6.500000 3.434491 0.903472 1.531273 -0.63991046 0.36285561 -0.33412636 0.58924527
6.533333 3.450675 0.903411 1.533429 -0.63924019 0.36432261 -0.33533578 0.58837992
6.566667 3.466913 0.903320 1.536053 -0.63858111 0.36583074 -0.33654834 0.58746681
6.600000 3.483200 0.903200 1.539038 -0.63792750 0.36737588 -0.33776664 0.58651272
6.633333 3.499534 0.903053 1.542266 -0.63727280 0.36895335 -0.33899384 0.58552539
6.666667 3.515912 0.902881 1.545610 -0.63660992 0.37055803 -0.34023356 0.58451320
6.700000 3.532331 0.902683 1.548938 -0.63593140 0.37218450 -0.34148975 0.58348497
6.733333 3.548789 0.902463 1.552117 -0.63522979 0.37382719 -0.34276649 0.58244956
6.766667 3.565282 0.902220 1.555020 -0.63449785 0.37548056 -0.34406780 0.58141567
6.800000 3.581807 0.901956 1.557528 -0.63372886 0.37713922 -0.34539754 0.58039149
6.833333 3.598362 0.901672 1.559536 -0.63291687 0.37879811 -0.34675917 0.57938442
6.866667 3.614944 0.901370 1.560956 -0.63205689 0.38045264 -0.34815558 0.57840086
6.900000 3.631550 0.901050 1.561722 -0.63114515 0.38209882 -0.34958902 0.57744594
6.933333 3.648177 0.900714 1.561787 -0.63017916 0.38373335 -0.35106087 0.57652338
6.966667 3.664821 0.900364 1.561132 -0.62915793 0.38535375 -0.35257163 0.57563533
7.000000 3.681481 0.900000 1.559762 -0.62808193 0.38695838 -0.35412077 0.57478237
7.033333 3.698154 0.899624 1.557705 -0.62695318 0.38854651 -0.35570677 0.57396343
7.066667 3.714836 0.899236 1.555016 -0.62577515 0.39011829 -0.35732705 0.57317585
7.100000 3.731524 0.898839 1.551769 -0.62455273 0.39167475 -0.35897804 0.57241554
7.133333 3.748216 0.898433 1.548059 -0.62329203 0.39321770 -0.36065525 0.57167707
7.166667 3.764909 0.898020 1.543998 -0.62200028 0.39474970 -0.36235336 0.57095392
7.200000 3.781600 0.897600 1.539707 -0.62068552 0.39627390 -0.36406635 0.57023870
7.233333 3.798286 0.897176 1.535317 -0.61935644 0.39779391 -0.36578769 0.56952346
7.266667 3.814964 0.896747 1.530963 -0.61802206 0.39931362 -0.36751047 0.56879998
7.300000 3.831631 0.896317 1.526775 -0.61669144 0.40083708 -0.36922766 0.56806007
7.333333 3.848285 0.895885 1.522881 -0.61537341 0.40236821 -0.37093225 0.56729592
7.366667 3.864923 0.895453 1.519395 -0.61407629 0.40391073 -0.37261749 0.56650035
7.400000 3.881541 0.895022 1.516417 -0.61280760 0.40546785 -0.37427709 0.56566715
7.433333 3.898137 0.894594 1.514030 -0.61157386 0.40704221 -0.37590537 0.56479129
7.466667 3.914707 0.894170 1.512296 -0.61038032 0.40863563 -0.37749748 0.56386917
7.500000 3.931250 0.893750 1.511250 -0.60923088 0.41024902 -0.37904948 0.56289872
7.533333 3.947762 0.893337 1.510907 -0.60812791 0.41188227 -0.38055849 0.56187959
7.566667 3.964240 0.892931 1.511254 -0.60707226 0.41353417 -0.38202273 0.56081316
7.600000 3.980681 0.892533 1.512254 -0.60606320 0.41520240 -0.38344158 0.55970253
7.633333 3.997083 0.892146 1.513848 -0.60509856 0.41688352 -0.38481553 0.55855248
7.666667 4.013443 0.891770 1.515953 -0.60417476 0.41857305 -0.38614619 0.55736934
7.700000 4.029757 0.891406 1.518471 -0.60328707 0.42026549 -0.38743613 0.55616083
7.733333 4.046024 0.891055 1.521287 -0.60242975 0.42195455 -0.38868881 0.55493582
7.766667 4.062239 0.890720 1.524276 -0.60159634 0.42363322 -0.38990836 0.55370408
7.800000 4.078400 0.890400 1.527307 -0.60077995 0.42529398 -0.39109945 0.55247597
7.833333 4.094504 0.890098 1.530246 -0.59997353 0.42692903 -0.39226700 0.55126215
7.866667 4.110549 0.889814 1.532964 -0.59917018 0.42853047 -0.39341601 0.55007324
7.900000 4.126531 0.889550 1.535339 -0.59836347 0.43009052 -0.39455127 0.54891948
7.933333 4.142448 0.889307 1.537262 -0.59754769 0.43160177 -0.39567713 0.54781044
7.966667 4.158297 0.889086 1.538637 -0.59671815 0.43305736 -0.39679729 0.54675468
8.000000 4.174074 0.888889 1.539392 -0.59587137 0.43445117 -0.39791454 0.54575957
8.033333 4.189777 0.888716 1.539472 -0.59500531 0.43577797 -0.39903063 0.54483099
8.066667 4.205404 0.888570 1.538850 -0.59411948 0.43703357 -0.40014604 0.54397321
8.100000 4.220950 0.888450 1.537522 -0.59321505 0.43821492 -0.40125993 0.54318878
8.133333 4.236414 0.888359 1.535508 -0.59229489 0.43932015 -0.40237005 0.54247848
8.166667 4.251792 0.888297 1.532856 -0.59136357 0.44034859 -0.40347271 0.54184132
8.200000 4.267081 0.888267 1.529632 -0.59042725 0.44130074 -0.40456281 0.54127466
8.233333 4.282280 0.888268 1.525925 -0.58949361 0.44217820 -0.40563392 0.54077430
8.266667 4.297384 0.888303 1.521842 -0.58857165 0.44298355 -0.40667844 0.54033474
8.300000 4.312391 0.888372 1.517501 -0.58767149 0.44372021 -0.40768771 0.53994937
8.333333 4.327298 0.888477 1.513032 -0.58680412 0.44439221 -0.40865227 0.53961079
8.366667 4.342102 0.888620 1.508566 -0.58598109 0.44500402 -0.40956206 0.53931113
8.400000 4.356800 0.888800 1.504238 -0.58521424 0.44556026 -0.41040672 0.53904236
8.433333 4.371390 0.889020 1.500175 -0.58451536 0.44606545 -0.41117581 0.53879667
8.466667 4.385868 0.889281 1.496497 -0.58389588 0.44652377 -0.41185915 0.53856677
8.500000 4.400231 0.889583 1.493310 -0.58336655 0.44693873 -0.41244701 0.53834626
8.533333 4.414478 0.889929 1.490703 -0.58293716 0.44731299 -0.41293044 0.53812992
8.566667 4.428604 0.890320 1.488743 -0.58261628 0.44764808 -0.41330142 0.53791393
8.600000 4.442607 0.890756 1.487477 -0.58241105 0.44794423 -0.41355310 0.53769616
8.633333 4.456485 0.891238 1.486924 -0.58232701 0.44820020 -0.41367990 0.53747630
8.666667 4.470233 0.891770 1.487083 -0.58236799 0.44841315 -0.41367767 0.53725595
8.700000 4.483850 0.892350 1.487924 -0.58253607 0.44857864 -0.41354366 0.53703872
8.733333 4.497332 0.892981 1.489394 -0.58283158 0.44869056 -0.41327655 0.53683017
8.766667 4.510677 0.893664 1.491419 -0.58325321 0.44874122 -0.41287640 0.53663776
8.800000 4.523881 0.894400 1.493906 -0.58379811 0.44872147 -0.41234448 0.53647072
8.833333 4.536943 0.895190 1.496743 -0.58446214 0.44862080 -0.41168312 0.53633981
8.866667 4.549858 0.896036 1.499810 -0.58524005 0.44842762 -0.41089547 0.53625709
8.900000 4.562624 0.896939 1.502976 -0.58612580 0.44812941 -0.40998528 0.53623563
8.933333 4.575238 0.897900 1.506109 -0.58711288 0.44771304 -0.40895654 0.53628915
8.966667 4.587698 0.898920 1.509077 -0.58819459 0.44716506 -0.40781318 0.53643168
9.000000 4.600000 0.900000 1.511756 -0.58936443 0.44647193 -0.40655877 0.53667714
9.033333 4.612271 0.901154 1.514018 -0.59063346 0.44560023 -0.40517604 0.53705207
9.066667 4.624634 0.902392 1.515751 -0.59201119 0.44451965 -0.40364928 0.53758003
9.100000 4.637085 0.903713 1.516875 -0.59348991 0.44322199 -0.40198285 0.53826925
9.133333 4.649618 0.905114 1.517329 -0.59506317 0.44170001 -0.40017956 0.53912636
9.166667 4.662226 0.906593 1.517076 -0.59672599 0.43994764 -0.39824047 0.54015618
9.200000 4.674904 0.908148 1.516105 -0.59847496 0.43796007 -0.39616475 0.54136141
9.233333 4.687646 0.909777 1.514428 -0.60030844 0.43573388 -0.39394965 0.54274252
9.266667 4.700447 0.911479 1.512082 -0.60222653 0.43326700 -0.39159046 0.54429755
9.300000 4.713300 0.913250 1.509129 -0.60423111 0.43055876 -0.38908062 0.54602215
9.333333 4.726200 0.915089 1.505651 -0.60632575 0.42760976 -0.38641186 0.54790953
9.366667 4.739142 0.916994 1.501749 -0.60851556 0.42442175 -0.38357441 0.54995061
9.400000 4.752119 0.918963 1.497537 -0.61080697 0.42099744 -0.38055733 0.55213415
9.433333 4.765125 0.920993 1.493141 -0.61320749 0.41734030 -0.37734878 0.55444706
9.466667 4.778155 0.923084 1.488694 -0.61572536 0.41345428 -0.37393651 0.55687461
9.500000 4.791204 0.925231 1.484329 -0.61836911 0.40934355 -0.37030819 0.55940088
9.533333 4.804264 0.927435 1.480177 -0.62114718 0.40501221 -0.36645191 0.56200915
9.566667 4.817332 0.929692 1.476360 -0.62406741 0.40046401 -0.36235661 0.56468233
9.600000 4.830400 0.932000 1.472990 -0.62713655 0.39570209 -0.35801250 0.56740343
9.633333 4.843463 0.934358 1.470160 -0.63035974 0.39072877 -0.35341150 0.57015607
9.666667 4.856516 0.936763 1.467947 -0.63374003 0.38554536 -0.34854756 0.57292491
9.700000 4.869552 0.939213 1.466404 -0.63727793 0.38015207 -0.34341699 0.57569612
9.733333 4.882566 0.941706 1.465560 -0.64097100 0.37454797 -0.33801869 0.57845774
9.766667 4.895552 0.944241 1.465420 -0.64481354 0.36873108 -0.33235427 0.58120008
9.800000 4.908504 0.946815 1.465963 -0.64879637 0.36269845 -0.32642814 0.58391590
9.833333 4.921416 0.949426 1.467144 -0.65290669 0.35644643 -0.32024748 0.58660067
9.866667 4.934284 0.952071 1.468897 -0.65712813 0.34997102 -0.31382209 0.58925258
9.900000 4.947100 0.954750 1.471133 -0.66144092 0.34326814 -0.30716420 0.59187249
9.933333 4.959860 0.957460 1.473748 -0.66582212 0.33633420 -0.30028818 0.59446381
9.966667 4.972557 0.960198 1.476623 -0.67024610 0.32916644 -0.29321015 0.59703219
10.000000 4.985185 0.962963 1.479630 -0.67468505 0.32176348 -0.28594763 0.59958510
10.033333 4.997740 0.965753 1.482637 -0.67910967 0.31412575 -0.27851905 0.60213139
10.066667 5.010215 0.968565 1.485511 -0.68348985 0.30625589 -0.27094331 0.60468063
10.100000 5.022604 0.971398 1.488126 -0.68779553 0.29815909 -0.26323940 0.60724253
10.133333 5.034902 0.974250 1.490362 -0.69199742 0.28984336 -0.25542591 0.60982620
10.166667 5.047102 0.977118 1.492115 -0.69606790 0.28131966 -0.24752080 0.61243953
10.200000 5.059200 0.980000 1.493297 -0.69998171 0.27260195 -0.23954101 0.61508851
10.233333 5.071189 0.982895 1.493840 -0.70371670 0.26370710 -0.23150239 0.61777668
10.266667 5.083064 0.985800 1.493699 -0.70725435 0.25465467 -0.22341949 0.62050465
10.300000 5.094819 0.988713 1.492855 -0.71058031 0.24546663 -0.21530563 0.62326980
10.333333 5.106447 0.991632 1.491312 -0.71368468 0.23616694 -0.20717289 0.62606609
10.366667 5.117944 0.994556 1.489099 -0.71656215 0.22678110 -0.19903230 0.62888406
10.400000 5.129304 0.997481 1.486270 -0.71921205 0.21733557 -0.19089400 0.63171097
10.433333 5.140520 1.000407 1.482899 -0.72163813 0.20785727 -0.18276740 0.63453120
10.466667 5.151587 1.003331 1.479083 -0.72384821 0.19837302 -0.17466150 0.63732666
10.500000 5.162500 1.006250 1.474930 -0.72585376 0.18890895 -0.16658502 0.64007746
10.533333 5.173252 1.009163 1.470565 -0.72766924 0.17949007 -0.15854663 0.64276260
10.566667 5.183838 1.012068 1.466118 -0.72931138 0.17013981 -0.15055511 0.64536076
10.600000 5.194252 1.014963 1.461722 -0.73079848 0.16087966 -0.14261943 0.64785108
10.633333 5.204488 1.017845 1.457510 -0.73214954 0.15172893 -0.13474879 0.65021393
10.666667 5.214540 1.020713 1.453608 -0.73338348 0.14270456 -0.12695265 0.65243169
10.700000 5.224404 1.023565 1.450130 -0.73451842 0.13382104 -0.11924064 0.65448934
10.733333 5.234072 1.026398 1.447177 -0.73557096 0.12509043 -0.11162245 0.65637502
10.766667 5.243539 1.029210 1.444832 -0.73655567 0.11652240 -0.10410769 0.65808044
10.800000 5.252800 1.032000 1.443154 -0.73748456 0.10812444 -0.09670576 0.65960111
10.833333 5.261848 1.034765 1.442183 -0.73836686 0.09990202 -0.08942559 0.66093648
10.866667 5.270679 1.037503 1.441930 -0.73920882 0.09185882 -0.08227553 0.66208989
10.900000 5.279285 1.040213 1.442384 -0.74001370 0.08399700 -0.07526314 0.66306838
10.933333 5.287662 1.042892 1.443508 -0.74078194 0.07631745 -0.06839505 0.66388244
10.966667 5.295803 1.045537 1.445242 -0.74151132 0.06882006 -0.06167682 0.66454551
11.000000 5.303704 1.048148 1.447504 -0.74219742 0.06150391 -0.05511287 0.66507355
11.033333 5.311357 1.050722 1.450194 -0.74283398 0.05436753 -0.04870637 0.66548444
11.066667 5.318758 1.053257 1.453200 -0.74341338 0.04740903 -0.04245930 0.66579736
11.100000 5.325900 1.055750 1.456394 -0.74392724 0.04062626 -0.03637237 0.66603214
11.133333 5.332778 1.058200 1.459647 -0.74436685 0.03401690 -0.03044514 0.66620863
11.166667 5.339386 1.060605 1.462825 -0.74472374 0.02757856 -0.02467608 0.66634605
11.200000 5.345719 1.062963 1.465798 -0.74499013 0.02130878 -0.01906267 0.66646249
11.233333 5.351769 1.065271 1.468445 -0.74515937 0.01520508 -0.01360154 0.66657431
11.266667 5.357533 1.067528 1.470655 -0.74522631 0.00926491 -0.00828859 0.66669574
11.300000 5.363004 1.069731 1.472335 -0.74518757 0.00348566 -0.00311918 0.66683851
11.333333 5.368176 1.071879 1.473411 -0.74504178 -0.00213540 0.00191176 0.66701164
11.366667 5.373043 1.073969 1.473829 -0.74478970 -0.00760116 0.00680951 0.66722122
11.400000 5.377600 1.076000 1.473561 -0.74443426 -0.01291471 0.01157951 0.66747041
11.433333 5.381841 1.077969 1.472603 -0.74398060 -0.01807939 0.01622715 0.66775945
11.466667 5.385760 1.079874 1.470976 -0.74343586 -0.02309884 0.02075768 0.66808583
11.500000 5.389352 1.081713 1.468727 -0.74280913 -0.02797699 0.02517614 0.66844450
11.533333 5.392610 1.083484 1.465922 -0.74211110 -0.03271814 0.02948725 0.66882818
11.566667 5.395529 1.085186 1.462652 -0.74135387 -0.03732690 0.03369538 0.66922773
11.600000 5.398104 1.086815 1.459022 -0.74055055 -0.04180824 0.03780452 0.66963257
11.633333 5.400327 1.088370 1.455150 -0.73971490 -0.04616743 0.04181829 0.67003110
11.666667 5.402195 1.089849 1.451166 -0.73886096 -0.05041001 0.04573991 0.67041119
11.700000 5.403700 1.091250 1.447202 -0.73800266 -0.05454179 0.04957229 0.67076066
11.733333 5.404837 1.092571 1.443393 -0.73715335 -0.05856871 0.05331803 0.67106768
11.766667 5.405601 1.093809 1.439865 -0.73632552 -0.06249686 0.05697951 0.67132124
11.800000 5.405985 1.094963 1.436739 -0.73553035 -0.06633235 0.06055893 0.67151153
11.833333 5.405984 1.096031 1.434120 -0.73477748 -0.07008126 0.06405844 0.67163024
11.866667 5.405592 1.097010 1.432097 -0.73407470 -0.07374960 0.06748013 0.67167087
11.900000 5.404804 1.097898 1.430738 -0.73342777 -0.07734315 0.07082619 0.67162891
11.933333 5.403613 1.098694 1.430088 -0.73284029 -0.08086750 0.07409894 0.67150197
11.966667 5.402013 1.099395 1.430170 -0.73231363 -0.08432793 0.07730088 0.67128989
12.000000 5.400000 1.100000 1.430979 -0.73184696 -0.08772938 0.08043478 0.67099466
12.033333 5.397459 1.100513 1.432489 -0.73143228 -0.09110417 0.08352950 0.67061888
12.066667 5.394289 1.100940 1.434651 -0.73105909 -0.09448231 0.08661261 0.67016711
12.100000 5.390504 1.101285 1.437388 -0.73071988 -0.09786473 0.08968533 0.66964729
12.133333 5.386116 1.101548 1.440605 -0.73040564 -0.10125190 0.09274915 0.66906894
12.166667 5.381139 1.101732 1.444193 -0.73010618 -0.10464386 0.09580585 0.66844286
12.200000 5.375585 1.101837 1.448027 -0.72981050 -0.10804027 0.09885746 0.66778076
12.233333 5.369469 1.101866 1.451977 -0.72950713 -0.11144040 0.10190622 0.66709483
12.266667 5.362803 1.101819 1.455909 -0.72918456 -0.11484325 0.10495456 0.66639737
12.300000 5.355600 1.101700 1.459691 -0.72883159 -0.11824756 0.10800498 0.66570034
12.333333 5.347874 1.101509 1.463196 -0.72843774 -0.12165189 0.11106005 0.66501500
12.366667 5.339637 1.101248 1.466310 -0.72799353 -0.12505472 0.11412228 0.66435145
12.400000 5.330904 1.100919 1.468931 -0.72749084 -0.12845449 0.11719406 0.66371837
12.433333 5.321686 1.100522 1.470978 -0.72692315 -0.13184973 0.12027756 0.66312268
12.466667 5.311998 1.100061 1.472388 -0.72628572 -0.13523906 0.12337466 0.66256934
12.500000 5.301852 1.099537 1.473125 -0.72557577 -0.13862135 0.12648688 0.66206116
12.533333 5.291261 1.098951 1.473175 -0.72479252 -0.14199572 0.12961529 0.66159874
12.566667 5.280240 1.098305 1.472550 -0.72393720 -0.14536159 0.13276047 0.66118045
12.600000 5.268800 1.097600 1.471287 -0.72301304 -0.14871877 0.13592250 0.66080250
12.633333 5.256955 1.096839 1.469445 -0.72202508 -0.15206743 0.13910087 0.66045911
12.666667 5.244719 1.096022 1.467105 -0.72098005 -0.15540812 0.14229455 0.66014267
12.700000 5.232104 1.095152 1.464368 -0.71988609 -0.15874179 0.14550196 0.65984410
12.733333 5.219123 1.094230 1.461347 -0.71875249 -0.16206973 0.14872101 0.65955313
12.766667 5.205790 1.093258 1.458168 -0.71758933 -0.16539352 0.15194919 0.65925866
12.800000 5.192119 1.092237 1.454960 -0.71640716 -0.16871502 0.15518359 0.65894922
12.833333 5.178121 1.091169 1.451857 -0.71521662 -0.17203624 0.15842103 0.65861331
12.866667 5.163810 1.090057 1.448989 -0.71402806 -0.17535925 0.16165814 0.65823986
12.900000 5.149200 1.088900 1.446477 -0.71285115 -0.17868615 0.16489147 0.65781859
12.933333 5.134303 1.087702 1.444430 -0.71169458 -0.18201889 0.16811758 0.65734042
12.966667 5.119134 1.086463 1.442943 -0.71056573 -0.18535921 0.17133320 0.65679772
13.000000 5.103704 1.085185 1.442090 -0.70947040 -0.18870852 0.17453530 0.65618464
13.033333 5.088027 1.083871 1.441923 -0.70841261 -0.19206783 0.17772120 0.65549729
13.066667 5.072116 1.082521 1.442471 -0.70739451 -0.19543763 0.18088865 0.65473387
13.100000 5.055985 1.081137 1.443737 -0.70641624 -0.19881787 0.18403592 0.65389475
13.133333 5.039647 1.079721 1.445699 -0.70547598 -0.20220787 0.18716185 0.65298244
13.166667 5.023114 1.078275 1.448313 -0.70457004 -0.20560630 0.19026586 0.65200154
13.200000 5.006400 1.076800 1.451509 -0.70369299 -0.20901122 0.19334801 0.65095854
13.233333 4.989518 1.075298 1.455199 -0.70283790 -0.21242003 0.19640891 0.64986164
13.266667 4.972482 1.073770 1.459276 -0.70199658 -0.21582957 0.19944976 0.64872043
13.300000 4.955304 1.072219 1.463622 -0.70115992 -0.21923614 0.20247221 0.64754558
13.333333 4.937997 1.070645 1.468107 -0.70031822 -0.22263566 0.20547834 0.64634851
13.366667 4.920576 1.069050 1.472598 -0.69946159 -0.22602366 0.20847052 0.64514094
13.400000 4.903052 1.067437 1.476962 -0.69858026 -0.22939552 0.21145129 0.64393452
13.433333 4.885439 1.065806 1.481071 -0.69766502 -0.23274651 0.21442324 0.64274043
13.466667 4.867751 1.064160 1.484804 -0.69670749 -0.23607194 0.21738885 0.64156902
13.500000 4.850000 1.062500 1.488055 -0.69570048 -0.23936732 0.22035039 0.64042942
13.533333 4.832200 1.060827 1.490737 -0.69463823 -0.24262845 0.22330973 0.63932929
13.566667 4.814363 1.059144 1.492780 -0.69351663 -0.24585157 0.22626825 0.63827452
13.600000 4.796504 1.057452 1.494138 -0.69233340 -0.24903343 0.22922672 0.63726912
13.633333 4.778634 1.055752 1.494791 -0.69108813 -0.25217139 0.23218521 0.63631503
13.666667 4.760768 1.054047 1.494741 -0.68978238 -0.25526349 0.23514303 0.63541214
13.700000 4.742919 1.052337 1.494018 -0.68841958 -0.25830848 0.23809867 0.63455830
13.733333 4.725098 1.050625 1.492673 -0.68700499 -0.26130584 0.24104983 0.63374946
13.766667 4.707321 1.048912 1.490781 -0.68554548 -0.26425576 0.24399340 0.63297986
13.800000 4.689600 1.047200 1.488435 -0.68404938 -0.26715911 0.24692555 0.63224222
13.833333 4.671948 1.045490 1.485746 -0.68252615 -0.27001737 0.24984179 0.63152811
13.866667 4.654378 1.043785 1.482834 -0.68098612 -0.27283251 0.25273710 0.63082826
13.900000 4.636904 1.042085 1.479830 -0.67944014 -0.27560694 0.25560603 0.63013290
13.933333 4.619538 1.040393 1.476867 -0.67789925 -0.27834331 0.25844289 0.62943220
13.966667 4.602294 1.038710 1.474074 -0.67637428 -0.28104440 0.26124187 0.62871660
14.000000 4.585185 1.037037 1.471578 -0.67487555 -0.28371298 0.26399725 0.62797722
14.033333 4.568224 1.035377 1.469492 -0.67341251 -0.28635162 0.26670354 0.62720616
14.066667 4.551425 1.033731 1.467915 -0.67199343 -0.28896253 0.26935564 0.62639686
14.100000 4.534800 1.032100 1.466929 -0.67062519 -0.29154749 0.27194902 0.62554428
14.133333 4.518363 1.030487 1.466595 -0.66931304 -0.29410763 0.27447980 0.62464517
14.166667 4.502126 1.028892 1.466947 -0.66806048 -0.29664340 0.27694491 0.62369817
14.200000 4.486104 1.027319 1.467999 -0.66686916 -0.29915446 0.27934212 0.62270387
14.233333 4.470308 1.025767 1.469736 -0.66573891 -0.30163965 0.28167012 0.62166483
14.266667 4.454753 1.024239 1.472122 -0.66466779 -0.30409695 0.28392854 0.62058549
14.300000 4.439452 1.022737 1.475096 -0.66365219 -0.30652354 0.28611790 0.61947207
14.333333 4.424417 1.021262 1.478574 -0.66268704 -0.30891581 0.28823958 0.61833232
14.366667 4.409662 1.019816 1.482456 -0.66176605 -0.31126949 0.29029572 0.61717533
14.400000 4.395200 1.018400 1.486626 -0.66088200 -0.31357972 0.29228913 0.61601121
14.433333 4.381044 1.017016 1.490960 -0.66002700 -0.31584122 0.29422313 0.61485074
14.466667 4.367208 1.015666 1.495323 -0.65919289 -0.31804841 0.29610138 0.61370508
14.500000 4.353704 1.014352 1.499583 -0.65837150 -0.32019560 0.29792774 0.61258535
14.533333 4.340545 1.013074 1.503609 -0.65755506 -0.32227715 0.29970604 0.61150231
14.566667 4.327746 1.011836 1.507277 -0.65673642 -0.32428764 0.30143993 0.61046602
14.600000 4.315319 1.010637 1.510477 -0.65590944 -0.32622204 0.30313270 0.60948548
14.633333 4.303276 1.009481 1.513114 -0.65506912 -0.32807586 0.30478708 0.60856841
14.666667 4.291632 1.008368 1.515112 -0.65421191 -0.32984526 0.30640512 0.60772097
14.700000 4.280400 1.007300 1.516417 -0.65333579 -0.33152717 0.30798807 0.60694763
14.733333 4.269592 1.006279 1.517001 -0.65244038 -0.33311939 0.30953629 0.60625103
14.766667 4.259222 1.005307 1.516858 -0.65152700 -0.33462060 0.31104916 0.60563194
14.800000 4.249304 1.004385 1.516008 -0.65059863 -0.33603042 0.31252510 0.60508927
14.833333 4.239849 1.003515 1.514496 -0.64965987 -0.33734937 0.31396158 0.60462020
14.866667 4.230872 1.002698 1.512389 -0.64871675 -0.33857880 0.31535515 0.60422025
14.900000 4.222385 1.001937 1.509775 -0.64777659 -0.33972088 0.31670155 0.60388355
14.933333 4.214402 1.001232 1.506758 -0.64684779 -0.34077842 0.31799583 0.60360307
14.966667 4.206936 1.000586 1.503458 -0.64593953 -0.34175476 0.31923248 0.60337089
